Degrees		Distance (cm)
0		2.50
2		2.50
4		2.50
6		2.50
8		2.50
10		2.50
12		2.50
14		2.50
16		2.50
18		2.50
20		2.50
22		0.59
24		0.59
26		0.59
28		0.59
30		0.59
32		0.59
34		0.59
36		0.59
38		0.59
40		0.59
42		0.59
44		0.59
46		0.59
48		0.59
50		0.59
52		0.59
54		0.59
56		0.59
58		0.59
60		0.59
62		0.59
64		0.59
66		0.59
68		0.59
70		0.59
72		2.50
74		2.50
76		2.50
78		2.50
80		2.50
82		2.50
84		2.50
86		2.50
88		2.50
90		2.50
92		2.50
94		2.50
96		2.50
98		2.50
100		2.50
102		2.50
104		2.50
106		2.50
108		2.50
110		2.50
112		2.50
114		2.50
116		0.60
118		0.60
120		0.60
122		0.60
124		0.60
126		0.60
128		2.50
130		2.50
132		2.50
134		2.50
136		2.50
138		2.50
140		2.50
142		2.50
144		2.50
146		2.50
148		2.50
150		2.50
152		2.50
154		2.50
156		2.50
158		2.50
160		2.50
162		2.50
164		2.50
166		2.50
168		2.50
170		2.50
172		2.50
174		2.50
176		2.50
178		2.50
180		2.50
